1.0079	
4.0026	
6.941	
9.0122	
10.811	
12.0107	
14.0067	
15.9994	
18.9984	
20.1797	
22.9897	
24.305	
26.9815	
28.0855	
30.9738	
32.065	
35.453	
39.948	
39.0983	
40.078	
44.9559	
47.867	
50.9415	
51.9961	
54.938	
55.845	
58.9332	
58.6934	
63.546	
5.39	
69.723	
72.64	
74.9216	
78.96	
79.904	
83.8	
85.4678	
87.62	
88.9059	
91.224	
92.9064	
95.94	
98	
101.07	
102.90  
06.42	
107.86  
112.411	
14.818	
118.71	
121.76	
127.6	
126.90  
131.293	
132.90  
137.327	
138.90  
140.116	
140.90  
144.24	
45	
150.36	
151.964	
157.25	
158.92  
162.5   
164.93  
167.259	
168.93  
173.04	
74.967	
178.49	
180.94  
83.84	
186.207	
190.23	
192.217	
195.078	
196.96  
200.59	
204.38 
207.2	
208.98  
209	
210	
222	
23	
226	
227	
232.03  
231.03  
238.02  
237	
244	
243	
247	
247	
251	
252	
257	
258	
259	
262	
261	
262	
266	
264	
277				
268		
281	
280	
285	
284	
289	
288	
293	
294	
295	
