1776
1895
1817
1797
1808
ancient
1772
1774
1886
1898
1807
1755
1825
1824
1669
ancient
1774
1894
1807
1808
1879
1791
1830
1797
1774
ancient
1735
1751
ancient
ancient
1875
1886
ancient
1817
1826
1898
1861
1790
1794
1789
1801
1781
1937
1844
1803
1803
ancient
1817
1863
ancient
ancient
1783
1811
1898
1860
1808
1839
1803
1885
1885
1945
1879
1901
1880
1843
1886
1867
1842
1879
1878
1907
1923
1802
1783
1925
1803
1803
1735
ancient
ancient
1861
ancient
ancient
1898
1940
1900
1939
1898
1899
1829
1913
1789
1940
1940
1944
1944
1949
1950
1952
1952
1955
1958
1961
1964
1967
1974
1981
1984			
1982	
1994
1994
1996
1997
1999
2000
2001
2002
2009
